     114.149783      22.966139     113.719478      23.028327
     113.898821      23.098677     114.037243      22.624759
     113.960000      23.074312     113.945456      22.734812
     113.981568      22.543530     113.855333      23.080751
     114.035086      22.661400     113.953720      22.581194
     113.710507      23.006216     113.666255      22.794935
     113.963107      22.964775     113.860338      22.899004
     114.233318      22.703097     113.584378      23.057107
     113.901114      22.775012     113.999947      23.020795
     113.743817      23.015335     113.995583      22.698269
     113.760157      23.031539     114.269484      22.745025
     113.716472      22.858470     113.794832      23.030041
     114.002870      22.670551     113.813489      22.618227
     114.261573      22.714691     114.031991      22.606512
     114.254686      22.731098     113.643080      22.838015
     113.818039      22.630572     113.796052      23.035748
     114.144928      22.546666     113.917168      22.520420
     113.883602      22.591694     113.665110      22.805543
     113.751407      23.018420     113.917771      22.663518
     114.376002      22.738966     114.149602      22.551807
     113.833593      23.012136     114.030760      22.613270
     113.982952      23.006416     114.028683      22.674138
     113.967084      22.541244     113.953059      22.680479
     114.005462      22.998532     114.167834      22.735716
     114.053544      22.534130     113.914993      22.951198
     114.027197      22.608850     113.892085      22.580082
     114.031149      22.985716     114.348580      22.678172
     113.932182      22.995953     113.782681      23.096499
     114.074957      23.027480     114.533238      22.551774
     114.118512      22.776369     114.119821      22.544147
     113.977890      23.014319     114.079856      22.808738
     113.916349      22.482381     113.892014      22.582059
     113.670802      22.939136     114.089084      22.970929
     114.112823      22.781097     114.027177      22.613171
     113.902242      22.580781     114.373212      22.683880
     114.108841      23.026082     113.760124      23.049787
     113.582268      23.063081     113.938680      22.975913
     113.788758      23.112351     113.823014      22.717164
     113.899247      23.065148     114.005721      23.023095
     113.667651      22.861857     113.926503      22.984827
     114.038279      22.967754     113.754822      23.008863
     113.677327      22.940923     114.024381      22.606200
     113.664412      22.903593     113.971163      22.975717
     114.133888      22.545859     113.928634      23.097146
     114.003269      22.914269     113.789091      22.768416
     113.657092      22.822474     113.784833      22.698209
     114.133361      22.853133     113.909440      22.583293
     114.075730      22.875729     113.924911      23.099962
     114.105133      22.812534     113.783353      22.714296
     113.852228      23.086623     113.882822      22.985417
     113.898661      23.002335     113.899404      23.051343
     114.253146      22.718385     114.024442      22.986623
     113.917721      22.480200     113.913268      22.584025
     114.074140      22.651497     113.944221      22.512135
     114.065076      22.813029     113.657871      22.824416
     114.064213      22.652794     114.060520      22.568899
     113.913415      22.512699     113.812630      22.696080
     113.967751      23.015497     113.924180      23.064069
     113.989205      22.888636     114.014312      22.985157
     114.129947      22.560372     114.134552      22.612541
     114.290059      22.729626     113.615863      22.903410
     114.040887      22.969299     113.561459      23.012580
     113.855400      23.108587     113.840778      22.697353
     113.921135      22.969033     114.138945      22.563193
     114.014210      22.735122     114.150187      22.557372
     114.064437      22.814414     114.118856      22.528361
     113.792716      23.058690     114.074777      22.524339
     113.735651      23.009430     114.191357      22.642933
     113.920935      22.487657     113.866608      22.600126
     113.920608      22.775273     113.786180      22.771749
     113.961818      22.960392     113.827894      23.038278
     114.046549      22.595856     113.776538      22.772344
     113.786606      22.735266     114.001621      22.643336
     113.923733      22.489495     113.922412      23.091539
     113.917433      22.732143     114.041494      22.965820
     113.987868      22.956645     114.076021      22.818141
     114.139577      22.964075     114.054366      22.638859
     114.003988      22.914239     113.657460      22.870527
     113.734913      23.051307     114.116390      22.526267
     114.041662      22.562984     114.040817      22.968150
     113.766157      22.789938     113.884906      22.576052
     114.039189      22.559876     114.115537      22.704058
     113.794428      22.673640     113.871729      22.936574
     113.893507      22.553972     113.875098      22.577981
     114.300045      22.785376     113.630388      22.824808
     113.769378      23.079276     113.787316      22.712303
     113.809678      22.628131     113.812855      22.627685
     113.707910      23.019803     113.958599      22.544261
     113.719806      22.934289     114.210112      22.673677
     113.967415      23.100640     114.156386      22.676781
     113.930181      22.681559     114.030607      22.959263
     113.803632      23.113237     113.821244      23.115676
     114.109997      23.033689     113.815915      22.621644
     113.856403      23.027203     113.878410      23.090179
     114.203723      22.643018     113.898498      22.588507
     114.028391      22.922671     114.068874      22.905191
     113.680974      22.836492     113.673608      22.895163
     114.074688      23.027551     114.027684      22.608209
     114.015591      23.065393     114.118476      22.523695
     113.811856      22.626099     113.861258      23.097664
     114.101120      22.788214     114.019526      23.086539
     114.085766      22.793139     113.632861      23.050770
     113.953460      22.586037     113.894648      22.927368
     114.013937      22.891161     113.770777      22.991497
     113.995258      22.989306     114.143863      22.817613
     113.731447      23.068560     113.872142      22.553079
     114.030438      22.614162     113.808316      22.699406
     113.809659      22.754301     113.873365      23.068624
     113.924876      22.987840     114.027987      22.609388
     113.921580      22.967825     113.903747      22.577958
     113.825576      22.727686     113.906265      22.991135
     113.814212      22.892087     113.837838      22.881911
     114.284122      22.757115     114.128380      23.029145
     113.934765      22.998454     113.830630      23.053770
     113.919232      22.773775     113.672448      22.896262
     113.655287      22.816290     114.023913      22.649882
     113.856973      23.108460     114.162763      22.839254
     113.972273      23.014662     113.855865      23.095601
     114.025119      22.981920     113.964379      22.964996
     114.097155      22.970929     114.090989      22.781097
     113.829200      22.672439     114.042873      22.651020
     113.730500      22.999759     113.918862      22.538681
     113.905838      22.510169     114.124024      22.540240
     113.708116      22.762858     114.110387      22.533284
     113.994246      22.985378     113.811635      22.628148
     114.054810      22.706238     113.789559      23.105452
     113.992389      22.974960     113.658304      22.894672
     114.031006      22.538656     113.956965      22.582410
     114.030620      22.608727     114.038742      22.627513
     113.749875      22.992219     114.030763      22.669441
     113.900491      22.777017     113.931830      22.916459
     114.030327      22.612381     114.229027      22.612140
     113.683206      22.914785     114.165627      22.733101
     113.579008      23.050638     113.964469      22.695410
     114.123343      22.960170     113.792119      23.030673
     114.026857      22.612511     113.926471      22.586462
     114.151377      22.554630     114.043417      22.557440
     113.788288      23.018807     113.860107      22.930212
     113.954585      22.581718     114.054121      22.664044
     113.712239      23.027061     114.081572      22.545318
     113.985609      22.669951     113.831582      22.701072
     113.673396      22.813257     113.815344      22.620992
     114.028273      23.283486     114.136453      22.612701
     114.075961      22.822043     113.674000      22.835471
     113.788081      23.029442     113.954859      22.579655
     113.863630      23.049338     114.042444      22.964164
     113.819169      23.007902     114.351114      22.674995
     113.821380      22.803148     113.941526      22.517534
     113.703147      23.113079     114.058287      22.534686
     114.253961      22.724913     113.566855      23.000647
     114.168141      22.850549     113.912051      22.930699
     113.788939      23.029332     113.776213      22.772367
     113.759097      23.014644     114.008427      23.026950
     113.767602      23.030495     113.926636      22.578397
     114.261229      22.709156     113.936392      22.518507
     113.771352      22.800454     114.301436      22.727015
     113.808898      22.631817     113.770526      22.791891
     113.847902      23.009205     114.327923      22.771735
     114.075647      22.911483     113.812426      22.635884
     114.121337      22.537138     114.382303      22.743918
     113.942966      22.975327     113.837229      22.693865
     113.815668      23.394310     113.845030      22.735433
     114.121444      23.030950     113.994252      22.588432
     113.929387      22.686110     113.727389      23.037369
     113.742019      23.020501     114.010462      22.733063
     113.673901      22.810803     113.730738      23.116827
     114.138586      22.963184     114.076757      22.537541
     113.864136      22.751382     113.810016      23.047484
     113.813285      22.625096     114.123092      23.013141
     113.668445      22.863484     114.060806      22.729574
     114.003577      22.885588     113.645005      22.839740
     114.122461      22.602843     114.027738      22.609259
     114.255385      22.730984     114.095184      22.869519
     114.012754      22.653869     114.127787      22.572066
     113.733437      23.097596     114.117951      22.541747
     114.127974      22.563682     114.311082      22.692193
     113.683535      22.815793     113.861551      23.098805
     114.229659      22.700892     113.844853      22.722463
     113.841777      22.613045     114.034718      22.613701
     114.046326      22.907589     113.933040      22.784071
     113.777820      23.030250     114.059352      22.628628
     113.727414      22.974471     113.726657      22.827696
     114.143669      22.960048     113.790816      23.105754
     113.828869      22.997010     113.667783      22.857771
     113.926727      22.917008     113.817685      23.034428
     113.667877      22.861535     113.841808      22.884261
     114.060644      22.626653     114.327951      22.684784
     114.314163      22.662532     114.016046      23.055510
     113.671546      22.940393     113.814909      22.632295
     113.696367      22.932836     114.036643      22.618233
     113.786484      23.027895     113.813936      22.622586
     113.887911      22.580330     114.017655      22.830762
     113.913802      22.883155     113.679438      22.833558
     114.032061      22.534262     114.121698      22.528800
     113.975823      22.951210     113.934693      22.507112
     113.811848      22.624814     114.199461      22.959827
     114.126951      22.561772     114.118760      22.579245
     113.863371      22.565430     114.035162      22.524690
     114.123914      22.542477     114.077100      22.550689
     114.178743      22.561751     113.901879      22.555646
     113.964456      22.993610     113.729936      23.025738
     113.821683      22.890085     113.945709      22.557780
     113.935501      22.517628     113.807268      22.689831
     113.838327      22.980707     113.667957      22.861080
     114.106841      22.923857     114.028216      22.609000
     113.785985      22.782438     114.400821      22.763070
     114.072952      22.973793     113.783904      22.709516
     113.956704      23.078521     113.953633      22.584721
     114.113477      22.619844     113.837239      22.781798
     113.883467      22.575156     114.116880      22.800790
     113.993359      22.976021     113.675221      22.862717
     114.067332      22.515549     113.857046      22.805603
     114.200921      22.648202     113.900352      22.568307
     113.734542      23.096999     113.902877      22.570490
     113.996798      22.966577     114.016495      22.662251
     113.934569      22.931098     113.985990      22.700516
     114.055835      22.541230     114.074159      22.980282
     113.868759      22.807589     114.028821      22.987679
     113.815527      22.631462     113.736831      23.021116
     114.034866      22.655145     114.027322      22.612098
     113.830999      22.997682     113.666732      22.867981
     113.912164      22.514538     113.836187      22.630163
     114.057396      22.709982     114.233162      22.726499
     113.914459      22.960390     114.087976      22.552308
     113.758593      23.027187     113.786999      22.712184
     114.029022      22.611947     114.041704      22.972454
     113.960428      23.069969     114.008179      22.733879
     113.842910      22.723458     113.942063      22.523956
     113.952760      22.522891     113.858880      23.095982
     113.899612      22.554481     113.831087      22.691529
     114.098470      22.932352     113.841066      22.909604
     114.099478      23.010778     114.068067      22.978402
     114.050828      22.791530     113.913783      22.541728
     113.945762      22.530409     113.676419      22.834360
     114.020689      22.665230     113.899912      22.507809
     113.714576      22.939493     113.931686      22.984104
     113.805777      22.687044     114.014474      22.541854
     113.754983      22.979633     114.045850      22.590310
     114.034274      22.919182     113.837612      22.908981
     114.156638      22.677438     113.938352      23.001090
     113.579361      23.066843     114.305935      22.667576
     113.938852      22.912878     114.348215      22.731508
     113.675321      22.941717     113.816093      22.623095
     113.913926      22.560051     113.587764      23.060008
     113.965613      23.019847     113.667412      22.943788
     113.970956      22.557550     113.815275      22.632144
     114.006198      22.655163     114.095942      22.835186
     114.029245      22.612033     114.221593      22.705053
     113.808493      23.103174     113.847259      22.858036
     113.863892      22.950615     114.352154      22.679610
     114.029693      22.770520     113.946153      22.547415
     114.070826      22.514445     114.256728      22.704406
     113.668064      22.861562     114.040768      22.968535
     113.951035      22.955467     113.921890      22.691881
     113.784502      23.033111     113.928436      22.685351
     114.028613      22.610772     113.958624      22.547255
     113.814317      22.659856     114.030570      22.607534
     113.942393      22.945573     114.009292      23.028931
     113.814530      23.101444     113.937127      22.904705
     114.032156      22.918830     113.720574      23.028510
     114.057745      22.506460     114.029464      22.609073
     113.819339      23.115974     113.762546      23.023741
     113.889191      22.955485     113.683334      22.800949
     114.026784      22.607776     113.924967      22.659500
     113.677322      22.946134     114.135391      22.606653
     113.920065      22.886875     114.027684      22.671566
     113.801136      22.675567     113.935482      22.944943
     113.897393      22.754530     113.628052      23.049577
     113.967269      22.535809     114.040606      22.611025
     114.126880      22.605421     114.031125      22.606567
     114.117903      22.525922     114.030792      22.611162
     113.917750      22.885309     114.124107      23.040249
     114.111620      22.623336     113.817245      22.635114
     113.996938      22.988709     114.099917      22.739979
     113.666140      22.944209     114.059074      22.566221
     114.045336      22.693456     114.254480      22.731890
     114.231128      22.705185     114.115898      22.530545
     113.664043      23.024714     113.865103      23.001515
     113.887286      22.948044     113.983085      23.013237
     113.915912      22.467647     113.683142      22.833039
     113.950243      22.531481     113.811026      23.049181
     113.767540      23.013563     113.875513      22.968183
     113.820227      22.807273     113.663066      23.094792
     114.051431      22.546418     113.729410      22.793970
     113.915169      22.964144     113.990960      22.977217
     113.881055      22.579030     113.937577      22.730075
     114.028230      22.610432     114.030859      22.608957
     114.134773      22.853894     113.834302      22.643653
     113.985837      23.085038     113.968591      22.971288
     113.902325      22.467584     114.033760      22.608914
     113.813878      22.628141     113.659789      22.933528
     113.875837      22.973978     114.028207      22.614361
     113.704548      22.855645     113.941267      22.500301
     113.827721      22.673487     114.029466      22.608097
     113.791683      23.020735     113.741524      22.769614
     113.781636      23.036098     114.034890      22.610198
     114.025142      22.973657     113.868395      22.576751
     113.993905      22.973452     114.028058      22.613658
     113.769854      23.013029     113.838047      22.608241
     114.150820      22.552516     114.065394      22.723671
     113.752043      22.974366     113.942658      22.542866
     113.742523      23.016845     113.579143      23.037356
     113.783511      23.032797     114.013521      22.982218
     113.810172      23.095858     113.841296      22.731290
     113.837890      23.018250     113.853831      22.890429
     114.029498      22.977548     114.069313      22.657108
     113.883880      22.986889     113.792357      23.092986
     114.089746      23.021651     114.120591      22.544106
     113.661391      23.101388     113.716307      23.032919
     113.914915      22.556153     114.057491      22.598567
     113.962759      23.060776     113.925437      22.973882
     114.032931      22.671839     114.015915      22.977553
     113.715626      22.861661     114.132587      23.023469
     114.122518      22.525947     114.263241      22.716533
     113.746943      23.035405     114.292159      22.724304
     113.860997      22.625770     113.889700      22.581963
     113.758333      22.971576     113.844758      22.986613
     113.674339      22.950059     113.933492      22.678992
     113.659062      22.935747     113.776087      22.794163
     114.111224      22.931617     113.909454      22.933286
     113.891804      22.577264     113.907928      22.574879
     113.755156      22.986414     114.254092      22.731033
     113.676353      22.818634     114.143156      22.616797
     113.650902      23.101851     113.933932      22.586015
     113.755675      22.971842     113.911084      22.714118
     113.844556      22.768536     114.019049      23.054242
     113.767405      22.977631     114.051961      22.904914
     113.654504      22.928821     114.114265      22.534709
     113.697710      22.972540     113.811148      23.117982
     113.855067      23.106300     113.793506      22.690130
     113.883273      23.082455     114.016823      22.932837
     113.956843      23.076843     114.271518      22.725093
     113.681862      22.840127     113.788492      23.027708
     113.913293      22.722100     113.889265      22.583363
     113.650093      23.017477     113.882732      23.084490
     113.996124      22.968662     114.278367      22.736657
     113.829999      22.692343     113.780540      23.055994
     113.966501      23.043289     113.939009      23.088379
     114.305409      22.593421     113.810490      22.631258
     113.990470      23.086731     114.081535      22.548426
     113.817686      22.634347     113.918985      22.945904
     113.758738      23.105904     114.037200      22.605665
     114.073713      22.693166     113.906272      22.581314
     114.009285      22.920554     114.036645      22.650513
     113.755402      23.028884     114.210897      22.674330
     113.760318      22.991825     113.924349      22.533157
     114.004283      22.887641     113.974912      23.075253
     113.684188      22.810120     113.943713      22.520902
     114.146372      22.555884     114.025742      22.607721
     113.760050      22.974753     114.287754      22.735060
     114.052417      22.630060     113.789241      23.045548
     114.249775      22.755783     113.931712      22.785933
     113.952015      23.081670     114.306240      22.689762
     113.615167      22.895080     113.674018      22.838588
     114.069973      22.919547     113.778690      22.993384
     114.021998      22.659949     113.911385      22.712356
     114.122823      22.601593     113.744819      22.791708
     114.283039      22.745118     113.860607      23.098779
     114.129369      22.556017     113.709320      23.029326
     114.033378      22.922777     114.123806      22.536430
     113.824181      22.811777     114.131335      22.730355
     114.319586      22.697155     113.919510      22.537614
     113.939251      22.994758     114.073906      22.709698
     114.148617      22.961383     113.812016      22.637397
     114.059239      22.623590     114.148910      22.598523
     113.705514      23.038280     114.066279      22.530036
     113.997091      22.994307     113.997253      22.696966
     113.742543      23.039683     113.663111      22.924761
     113.678056      22.812685     114.050727      22.998920
     113.846595      23.040947     114.028441      22.610687
     113.945723      22.984813     113.942823      22.587961
     114.084405      22.799010     113.673893      22.827269
     114.031537      22.608629     113.670982      22.861841
     114.106460      22.548370     114.099322      22.605238
     114.077039      22.522139     114.034227      23.000149
     113.928181      22.951413     114.130560      23.029664
     113.791978      23.056864     113.930380      22.511176
     113.702136      22.854165     114.331152      22.766425
     113.760767      23.029926     114.042168      22.966914
     113.918940      22.949679     113.704238      22.840986
     113.762609      22.951312     113.980200      22.972105
     113.934049      22.954340     113.793700      22.688214
     113.953405      22.730267     113.980598      22.969608
     113.674672      22.944657     113.935346      22.905645
     114.010081      22.888467     114.264572      22.685942
     113.661945      22.895216     113.851395      23.043793
     114.020859      22.650517     114.042691      22.629896
     113.990797      22.735224     113.729296      22.795822
     113.969390      22.571062     113.916083      22.941386
     114.095711      22.842084     114.162894      22.612452
     113.770497      22.979940     113.881498      22.988416
     114.058290      22.705794     113.541419      23.015203
     113.620682      22.910219     114.025302      22.660312
     113.846324      22.859355     113.952165      22.954581
     114.006266      22.905994     113.930533      22.612815
     113.670181      22.862517     113.814758      23.042627
     114.184362      22.636576     113.841980      23.054567
     114.229736      22.685210     114.056277      22.637484
     114.042588      22.964685     114.066090      22.980466
     114.280024      22.736008     113.904778      22.749753
     113.918548      22.965039     113.930831      22.484249
     113.993220      23.009780     114.042520      22.646964
     113.862040      23.014953     114.375316      22.753802
     113.674132      22.946239     114.020167      22.636189
     114.107399      22.971009     114.029086      22.610426
     113.919348      22.534885     113.810047      22.634707
     113.751453      22.990029     113.962724      22.682640
     113.750686      22.990827     113.907952      22.469242
     113.918831      22.961486     113.841016      22.731908
     113.660752      23.100258     113.993909      22.533242
     113.987778      23.088150     114.024362      22.612298
     113.842525      22.594637     114.031314      22.669395
     113.812911      22.679499     114.037252      22.967131
     114.024039      22.606585     113.941770      22.538462
     113.790263      23.109209     113.920254      22.525236
     114.040783      22.963057     113.743242      23.014016
     113.668671      22.860175     113.812764      23.044498
     113.883128      22.994525     114.027538      22.612988
     113.773469      22.768390     114.211835      22.652515
     113.914402      22.718901     113.693148      22.961210
     113.776307      22.772907     113.715018      22.797841
     113.968358      22.554004     114.207299      22.643211
     114.119625      22.956861     113.778368      22.992272
     113.671723      22.936748     113.708366      22.826363
     113.788975      22.986691     113.675660      22.941050
     113.898473      22.725650     114.095470      23.019723
     113.938830      22.622336     113.746160      22.792363
     113.863795      22.586962     113.868751      23.066999
     113.841606      23.078563     113.942928      22.581299
     113.589562      23.063478     114.015289      22.731448
     113.756095      23.007404     113.790792      23.055223
     114.029612      22.612096     113.900825      22.981813
     113.664703      22.930258     114.069404      22.536327
     113.757326      22.971242     114.068637      22.659004
     113.675863      22.976449     114.033262      22.674880
     113.993529      23.012487     114.127274      22.605840
     113.788405      23.023054     114.035333      22.650314
     114.033709      22.663619     114.240908      22.751324
     113.901398      22.576818     114.145631      22.553787
     114.016619      22.964792     113.591497      23.058056
     114.250631      22.590589     113.759544      23.110608
     113.758117      23.023398     114.029279      23.008550
     113.758194      23.027435     114.040502      22.966825
     113.667034      22.985696     114.138085      22.570439
     113.961107      22.570219     114.044183      22.666096
     114.038488      23.062573     113.812592      22.623207
     114.073318      22.973843     114.212229      22.670968
     114.117939      22.679839     114.004793      22.985314
     114.010627      22.917417     113.994565      23.052273
     113.665895      23.022974     113.969706      22.947205
     114.027618      22.608942     113.811701      22.630043
     113.726051      23.047256     114.073721      22.639098
     114.399289      22.713302     113.879979      23.086012
     113.943796      22.974366     114.025446      22.636951
     114.241339      22.720890     113.673862      22.840574
     113.826877      23.025513     113.664905      22.805600
     113.957916      22.733882     113.911155      22.718280
     113.920851      22.523864     113.920958      22.553157
     113.906043      22.466266     114.026332      22.612213
     113.639073      22.858669     114.053022      22.550468
     114.197215      22.638315     113.953430      22.584907
     114.065428      22.908638     114.002398      23.023718
     113.724751      22.977761     114.147088      22.597931
     113.724596      22.933751     114.083686      22.792268
     113.781078      22.800591     113.814167      22.630023
     113.992316      22.674498     113.831825      22.697081
     113.940380      22.686896     113.679921      22.820249
     113.933456      22.998855     114.038965      22.963885
     113.826142      23.015257     113.965722      23.101629
     114.078909      23.027902     114.130364      22.572803
     113.810866      22.685645     113.832386      22.644130
     113.829253      23.018543     114.258692      22.709346
     113.844643      22.633977     113.867438      23.019457
     114.136830      22.549004     113.740316      23.100908
     113.685871      22.832850     113.752402      23.009509
     114.051559      22.548429     113.919024      22.670923
     113.675006      22.941508     114.030214      22.605960
     113.987231      23.013656     113.913562      22.937950
     114.132073      23.030945     113.914891      22.560862
     114.310950      22.613197     114.056636      22.700353
     114.027966      22.609705     114.026259      22.609631
     113.817596      23.116317     113.754464      23.071255
     113.946520      22.952367     113.779106      22.945676
     114.016293      22.542986     113.926651      22.979196
     114.009021      22.733032     113.673626      22.831183
     113.966288      22.535543     114.317857      22.695726
     113.594708      23.067641     113.868100      23.014269
     113.945726      22.955132     113.923314      22.930412
     114.182159      22.834418     113.953990      22.583724
     114.104550      23.009988     113.934298      22.983661
     113.959521      23.070946     114.108911      22.968888
     114.036436      22.967790     114.030164      22.611512
     113.935016      22.955619     113.806094      23.099917
     113.962158      23.069162     114.070058      22.656716
     113.890539      22.564598     114.028858      23.009355
     113.742527      23.015092     113.995977      23.018196
     113.727455      22.935288     113.850139      23.008714
     113.660475      22.901469     114.324401      22.783979
     114.186453      22.823025     113.906233      22.571404
     114.167857      22.686590     113.693198      22.913233
     114.030523      22.607100     114.028474      22.610955
     113.835808      22.627476     114.030429      22.610837
     114.066440      22.996720     114.042870      22.964907
     113.766285      22.793043     113.914897      22.964218
     113.992456      22.683362     114.115539      22.779055
     113.798381      23.012088     113.958200      22.992959
     113.852157      22.574361     113.960559      22.549331
     113.929274      22.509243     113.673586      22.833918
     113.618037      22.906869     114.126088      22.644573
     114.327640      22.604006     113.918198      22.880074
     113.984090      22.951383     113.950219      22.956354
     113.868993      23.107077     113.961652      22.966267
     114.425443      22.631342     114.346238      22.701602
     113.701324      23.069828     113.924855      22.575845
     113.925211      22.566360     113.943646      22.581012
     113.979562      22.540542     114.122947      22.535995
     114.030902      22.533413     114.077574      22.535656
     113.944934      22.974456     114.122304      22.658119
     113.840507      22.981933     113.955949      22.548236
     114.013667      22.981276     113.998053      22.701069
     113.999056      22.988759     114.317692      22.697187
     113.758704      23.026815     114.118352      22.523601
     114.126104      22.695878     113.906258      23.003262
     113.754634      22.998716     114.093476      22.537964
     113.659809      23.102370     113.817595      22.632714
     114.040177      22.965955     113.714130      22.768667
     113.840973      22.902134     113.733481      22.986970
     114.112933      22.624437     113.915284      22.556839
     113.880130      22.579563     114.267529      22.744359
     114.404337      22.691016     113.918176      22.659069
     114.030566      22.666488     114.163185      22.836646
     114.116577      22.779890     114.013498      22.743536
     114.128436      22.691544     113.674724      22.841541
     113.849783      23.035971     114.086710      22.545346
     114.292238      22.663314     113.933679      23.001823
     113.680217      22.829504     114.023198      22.647921
     113.852489      23.110152     113.857289      23.074346
     113.975603      22.837661     113.812443      22.636050
     114.103685      22.623930     113.928138      22.586598
     113.852472      23.029301     114.037937      22.596813
     113.915932      22.581424     114.036709      22.646394
     113.844154      23.091198     113.939499      22.728943
     113.950053      22.554498     113.779222      22.770815
     114.037642      22.605155     114.246192      22.696189
     113.838886      22.627183     114.337312      22.673545
     114.115856      22.987669     114.035230      22.645379
     113.986471      22.972149     114.067275      22.977532
     114.228450      22.701910     114.122783      22.526146
     113.831242      23.022849     114.000860      22.910676
     113.889166      22.555695     114.188592      22.650383
     114.001632      23.077721     114.015594      23.051100
     114.135755      22.854352     113.665859      22.937355
     113.700007      22.769915     114.011861      22.989244
     113.967570      23.013295     113.744087      23.029516
     114.076453      22.691627     114.068635      22.540084
     113.810174      22.923953     113.759724      22.971483
     113.984803      22.988864     113.782292      23.039634
     113.720908      22.970844     113.845733      22.614783
     114.031165      22.607454     113.820584      23.115626
     113.835549      22.700891     113.754421      23.022122
     113.735473      23.006570     113.830396      22.673494
     113.988158      22.865559     113.834800      23.109969
     113.962569      22.554933     114.145659      22.594290
     114.029913      22.667551     113.681116      22.834554
     113.811889      22.624897     114.015597      22.539309
     113.837326      23.010063     114.059725      22.536729
     114.262769      22.707296     113.656178      22.824100
     113.987971      22.987738     114.016755      22.903004
     113.943120      22.947510     113.909077      22.931782
     114.029268      22.611505     113.840084      22.880889
     113.840571      22.898594     114.019032      22.902628
     114.098712      22.814201     113.975663      22.618828
     114.047231      22.648785     114.253730      22.685755
     113.938332      22.986267     114.071231      22.902158
     113.772671      22.981969     114.118513      22.530480
     114.252735      22.750215     114.250158      22.716112
     113.907505      22.705984     113.788201      23.054034
     113.665324      22.934258     113.789789      22.769955
     114.018970      22.532037     114.134149      22.550938
     114.027208      22.608200     113.783844      23.029262
     113.685706      22.835764     113.918210      22.538339
     113.741513      23.008190     113.820906      22.670212
     113.825868      22.673796     113.903988      23.006431
     114.001341      22.887395     113.651511      22.813178
     113.897436      22.558989     114.128876      22.688804
     113.694441      22.970153     113.791835      23.058484
     113.841332      23.091792     113.641889      22.965634
     114.151719      22.550363     114.039921      22.967139
     113.839348      22.694781     114.048386      22.599211
     113.756278      22.977090     113.659042      22.900210
     114.286660      22.732148     114.142173      22.556477
     113.658382      23.102035     113.839123      22.602830
     113.699417      22.972532     113.765487      22.960732
     114.129549      22.961092     113.723829      23.082206
     114.184603      22.694514     114.022274      22.637275
     113.722422      23.029872     113.625515      23.051681
     113.756031      22.975202     114.014314      22.628330
     113.816567      22.688728     113.840835      22.897002
     114.006800      22.910048     114.030197      22.609647
     114.120621      22.528477     113.861800      22.658946
     113.814287      22.635010     113.830994      23.023940
     113.872191      22.574039     113.813569      22.623346
     113.842921      22.725940     114.077444      22.626781
     114.077699      23.032062     113.853982      23.015444
     113.727122      22.978977     113.827876      22.689540
     114.113827      22.929512     114.329363      22.781306
     113.969018      22.553411     114.023954      22.637319
     113.947245      22.951507     113.974121      22.952903
     113.897493      22.559648     113.844272      22.738317
     114.002536      22.887520     113.863275      23.004953
     113.948507      22.952766     114.148295      22.606481
     113.850701      22.761637     114.125824      22.608328
     114.040644      22.630833     113.700069      23.005925
     113.839369      22.976126     113.651675      22.823944
     113.820564      22.802616     113.835275      23.013433
     113.812882      22.632036     114.129166      22.579962
     113.907821      22.549169     114.206556      22.647279
     113.955285      22.736445     113.947106      22.519706
     114.032123      22.671818     114.250808      22.586941
     114.007437      22.542617     113.936239      22.517643
     114.328270      22.605756     113.914900      22.712714
     113.832593      23.099575     113.658412      22.898698
     113.664687      23.012020     113.723310      22.810808
     114.038511      22.659511     114.077617      22.521049
     113.780997      23.025019     114.142209      22.812167
     113.954149      23.045955     114.138169      22.605001
     114.065701      22.772880     113.861126      22.626758
     114.286467      22.729343     114.150029      22.598577
     113.926773      22.532235     114.038140      22.968944
     113.944817      23.091475     113.863493      22.627564
     114.068819      22.917476     114.138952      22.613880
     114.005212      22.981105     113.939771      22.501832
     114.325221      22.709434     114.116931      22.547851
     113.896275      22.555359     114.071158      22.656534
     114.233704      22.706317     113.942288      22.536818
     113.974900      22.622220     114.063851      23.028728
     113.827491      22.679093     114.073466      22.902289
     113.959118      22.929154     113.772074      23.006520
     113.910644      22.561653     113.859085      22.901636
     113.944859      22.941590     114.019760      22.536827
     113.742355      23.005104     113.812564      22.637047
     114.251207      22.725416     114.090902      22.637958
     114.572251      22.546332     113.947466      22.951167
     114.075057      22.977569     113.581389      23.056290
     113.938801      22.674659     114.110826      22.566173
     113.825152      22.810130     113.901106      23.048069
     113.725748      23.052763     113.787836      22.781927
     114.145400      22.792159     113.922317      23.101873
     113.979273      23.021927     114.024643      22.731969
     113.848871      23.004531     113.815132      23.068831
     114.057287      22.627709     114.048937      22.699258
     113.863642      22.752993     113.857901      22.608349
     113.764334      23.004490     114.031412      22.666103
     113.746195      23.087941     114.027984      22.614738
     114.023318      22.740933     114.397813      22.763174
     113.676221      22.944128     114.128611      23.024779
     113.953910      22.578500     113.944654      22.999812
     113.918947      22.637535     114.111189      22.698295
     113.917531      22.730022     113.788110      23.050687
     113.838889      23.015416     113.919011      22.934460
     113.925737      22.529737     114.069597      22.662487
     113.992739      22.954512     113.944309      22.735917
     113.790797      23.026008     113.745941      23.014511
     113.749810      23.026284     113.857941      23.100737
     113.943746      22.943382     113.932739      22.785241
     113.671447      22.901401     114.224834      22.613657
     114.065708      22.722608     114.007526      22.999025
     113.673814      22.940769     114.038266      22.606721
     113.988602      22.974634     114.117663      22.602176
     113.999014      22.999031     114.267759      22.717723
     113.997852      22.672318     114.329185      22.766373
     113.959677      23.071844     113.655319      22.914536
     113.816794      22.892627     114.027109      22.606425
     113.744943      23.035961     113.868383      23.013806
     114.487124      22.538595     114.027106      22.613768
     113.695001      22.777885     114.003354      22.918909
     113.923195      22.583463     113.741165      23.009884
     113.955809      23.045569     114.062778      22.535617
     114.004932      22.911140     113.779516      23.117858
     114.134166      23.080002     113.862320      22.597970
     113.869672      22.597733     113.695182      22.748398
     114.227436      22.554926     114.029012      22.612814
     113.934791      22.633240     113.795975      23.037742
     114.021887      22.649429     114.039342      22.629193
     114.036407      22.631009     113.741717      22.998774
     113.941359      23.088799     114.034184      22.655072
     114.109742      23.039858     113.955414      22.555695
     113.843342      22.975002     114.032846      22.603892
     113.993516      23.016926     114.060889      22.511811
     113.575545      23.049915     113.657153      23.090425
     113.934119      22.994978     113.668461      22.947108
     113.999198      22.964960     113.660938      22.929097
     114.129051      22.698394     114.167444      22.746153
     113.991948      22.950649     113.835364      22.698041
     113.882219      23.094376     113.772890      22.973536
     113.643408      22.991327     113.761641      22.961955
     113.872912      23.111023     113.822206      23.018720
     114.057484      22.509942     114.270116      22.745412
     114.122820      22.998536     114.328645      22.706008
     114.118751      22.530978     113.800873      22.911107
     113.921623      22.542185     113.872742      23.106909
     114.068866      22.657428     113.883523      22.790616
     113.952084      22.955175     113.903034      22.575452
     113.892946      22.555137     113.629779      22.875247
     113.821065      22.806807     114.011644      22.986711
     113.914821      22.563885     114.066619      22.535324
     113.875756      22.585969     113.667466      22.893934
     113.671163      22.945071     113.956738      22.561349
     113.741288      23.013193     114.034266      22.546422
     114.038999      22.965719     114.323567      22.782182
     114.056918      22.614830     113.814492      22.624592
     114.283248      22.731980     114.039527      22.965244
     113.673433      22.818985     113.640253      22.923625
     113.835698      22.757827     114.160834      22.618274
     114.027411      22.990029     113.811084      22.723072
     113.941788      22.686495     114.030417      22.677114
     113.849674      23.040166     114.091881      22.737219
     113.955963      22.939391     113.966514      23.069137
     113.739625      23.104256     113.814480      22.623588
     113.755736      22.995049     114.067578      22.529307
     114.065926      22.768349     113.778786      22.995523
     114.092711      22.841571     113.843906      22.889551
     113.865906      23.016865     113.843241      22.891376
     113.936913      22.791944     113.812035      22.633324
     113.922495      22.531702     114.119175      22.529700
     114.117121      22.595942     114.029875      22.612625
     113.678548      22.944388     113.796237      22.689743
     113.674867      22.943347     114.070624      22.538631
     114.035805      22.912886     114.033005      22.611349
     113.936368      22.996408     114.119701      22.543897
     113.779735      23.057020     113.592808      23.023843
     113.959963      23.029679     113.718263      22.983696
     113.754391      22.994027     113.862142      23.086881
     113.786352      23.113283     113.812889      22.626626
     113.726412      22.936486     113.840461      22.624040
     114.133553      22.852614     114.041336      22.631418
     114.039974      22.560242     113.832589      22.677489
     113.645543      22.992889     114.064331      22.654709
     114.017294      23.066820     114.030193      22.613347
     114.063405      22.505479     114.082999      22.538569
     113.989250      22.980144     113.806516      22.629776
     114.028899      22.608277     114.142897      22.815926
     113.930736      22.957178     114.028421      22.611684
     114.066748      22.916041     113.920285      22.535478
     113.852409      23.109823     114.110574      22.559945
     113.986995      22.964838     114.060035      22.538454
     114.060756      22.537791     113.941243      22.517545
     114.038672      22.967708     113.903622      22.749819
     113.674094      22.951188     113.959587      23.072326
     113.847394      23.037043     113.677100      22.862909
     113.879341      22.582120     113.683333      22.831681
     113.694958      22.926626     113.843108      22.726348
     114.074724      22.909176     113.886061      22.819227
     113.964710      23.066352     114.032021      22.670885
     113.638895      22.856531     114.183901      22.641937
     113.815218      22.633459     113.746412      22.791509
     114.263887      22.710602     113.682724      22.835778
     113.886832      22.584249     113.830973      22.721659
     113.657635      22.823775     114.087552      23.026671
     113.784168      22.716238     114.026256      22.611535
     113.672339      22.934206     113.924001      22.509339
     114.012287      22.733822     113.939969      22.980958
     113.985038      23.035500     113.708578      22.968945
     113.849855      23.086391     114.342048      22.686897
     114.129972      22.560104     114.279516      22.731315
     113.672606      22.859849     114.284345      22.727093
     114.144199      22.853048     114.119631      22.546587
     114.030340      22.607050     113.829816      23.056516
     113.687215      22.808818     114.023950      23.072364
     114.069167      22.976663     113.618687      22.900462
     113.770743      22.758938     114.124976      23.032109
     113.762926      23.010617     113.969018      23.100695
     113.969372      23.013342     113.926316      23.093102
     113.929951      22.928938     113.717140      22.997978
     113.873955      23.062767     113.865699      23.011829
     113.831509      23.016395     113.937368      22.518907
     114.026740      22.609741     113.839735      22.864380
     113.948633      22.561000     113.925102      22.692666
     113.719580      23.029572     113.705610      23.026349
     113.662038      23.010675     114.091274      22.554521
     113.693497      22.776399     113.744334      23.019401
     114.031127      22.610030     113.812200      22.629965
     114.122279      22.544433     114.123006      22.651183
     114.021117      22.537642     113.942106      23.087377
     114.108106      22.959515     113.998227      23.025795
     113.941384      23.082613     113.703310      22.766395
     113.920558      22.540379     114.143286      22.691612
     113.789453      23.116000     113.915940      22.514179
     114.074127      22.823252     113.839744      22.693095
     113.999474      22.985004     113.928252      22.588336
     113.780691      23.033903     114.067762      22.977187
     113.933086      22.943697     114.028287      22.608595
     114.286141      22.763524     114.035036      22.916684
     114.018858      23.065388     114.027110      22.604963
     113.823866      22.671389     113.953887      22.956931
     113.665297      22.938757     114.030786      22.558548
     113.821926      23.102764     114.030813      22.611980
     114.117844      22.530236     114.091763      22.804943
     113.868084      23.044111     114.035470      22.633776
     113.919649      22.960811     114.052652      22.665308
     113.755969      23.030625     114.009708      22.732543
     113.645502      22.855504     113.785296      22.784322
     113.614758      22.899028     114.187324      22.651359
     113.926924      22.505101     114.137647      22.819281
     113.786511      23.063875     114.031206      22.659525
     113.939120      23.079795     114.068523      22.528165
     114.083208      22.537970     113.864611      23.006602
     113.929532      23.122418     113.841558      22.716068
     113.718715      22.934790     114.350216      22.701697
     114.007650      22.919647     114.352793      22.684060
     113.958369      22.740151     114.350529      22.691028
     114.050869      22.550111     113.759354      23.117631
     113.985436      22.665606     113.764620      23.024743
     113.925418      22.967623     113.840980      22.891754
     113.774491      22.760735     114.329935      22.704237
     113.908816      22.774240     113.969909      22.697819
     114.056330      22.614824     114.012582      22.735372
     114.030207      22.608729     114.030184      22.606727
     114.258248      22.717113     114.027023      22.609026
     113.890248      22.802128     113.917832      22.663449
     114.374841      22.736103     113.662649      22.863295
     113.922764      22.540869     113.792649      23.019738
     113.746269      23.089947     114.118816      22.529302
     113.788451      23.020873     113.802086      22.800805
     114.144638      22.960333     113.919930      23.043726
     114.017336      22.674221     114.151380      22.615444
     114.029763      22.609723     114.119410      22.526727
     113.756562      22.977063     113.712942      23.027200
     113.566314      23.001249     113.922873      22.921573
     114.142670      23.091741     114.055573      22.599380
     113.813033      23.083321     113.886896      22.576072
     113.722881      22.986672     113.860552      23.089981
     114.117342      22.533193     114.028939      22.612779
     114.027491      22.769824     114.153304      22.693589
     113.864691      23.010797     113.915554      22.950173
     113.801968      22.698368     114.150040      22.553880
     113.922631      22.965855     114.039997      22.540276
     114.029896      22.607557     114.224585      22.612298
     114.097405      22.823466     113.833098      22.718778
     114.117030      22.548237     114.127451      22.773682
     114.081517      22.911930     114.134783      22.544513
     113.799320      22.807416     114.022486      22.972857
     113.905346      22.727856     113.918660      22.934014
     114.152923      22.839639     114.399250      22.763006
     113.795083      23.100543     114.028184      22.623739
     113.828634      22.684909     113.935948      22.901977
     114.253825      22.729267     114.252366      22.584714
     114.108199      22.930843     113.659310      22.897561
     113.819542      22.893884     114.009597      22.667725
     113.660903      22.939155     114.013091      22.913385
     114.005579      22.980252     113.881783      22.983266
     113.973477      23.013787     113.717199      22.956163
     113.713932      22.847981     114.029851      22.607701
     113.893234      22.558375     113.926414      22.649559
     114.039757      22.968056     113.890622      22.582183
     113.839272      22.598342     114.045966      22.620232
     114.019277      23.008784     114.290173      22.724778
     113.652231      23.102591     113.839164      22.721550
     113.954034      22.901295     114.032067      22.636009
     113.812844      23.374048     113.777269      22.791075
     114.042849      22.962045     113.934681      22.998837
     113.905762      22.726663     114.122021      23.038631
     113.976246      23.017347     114.036335      22.627867
     114.075471      23.027552     114.035706      22.620155
     113.669646      22.862132     113.829547      22.644568
     114.042454      22.966820     113.890635      22.951190
     114.033267      22.665341     114.062475      22.600339
     113.669231      22.900371     114.128503      22.602304
     113.812736      22.630759     114.116240      22.525727
     114.124560      22.541719     113.564878      23.010676
     113.753620      23.008053     114.122096      22.527093
     114.151487      22.552426     113.720314      23.027306
     114.030369      22.611155     113.990505      23.030321
     113.958572      22.736567     113.999150      22.643136
     113.644782      23.093082     113.759027      22.997966
     114.182071      22.822600     113.994188      22.594675
     113.857725      23.091149     113.935898      22.996578
     114.000928      22.887615     114.074937      22.618839
     114.032599      22.613614     114.063920      22.907645
     114.029100      22.612925     113.805596      23.039753
     113.924179      22.959126     114.288424      22.723701
     113.733112      23.072017     114.114232      22.539471
     113.698249      22.772875     114.243338      22.689857
     113.648650      23.100319     114.113644      22.602530
     114.126631      22.541273     114.029503      22.613304
     113.813769      22.635603     113.779794      22.995269
     113.693313      22.761715     113.671659      22.822840
     114.213122      22.644773     113.954941      22.986351
     114.033624      22.610491     113.909223      22.954277
     113.657974      22.936597     114.064184      22.527152
     114.045463      22.611028     114.024319      22.666753
     114.057217      22.625358     114.128108      22.546988
     114.136677      22.554800     113.812558      22.619889
     114.027428      22.609887     114.186407      22.646649
     114.255323      22.732556     113.830130      22.642657
     114.068904      22.633171     114.279296      22.675320
     114.071542      22.627058     113.883813      22.791605
     113.756386      23.007993     113.786459      22.774020
     113.852590      22.965506     113.704501      23.029959
     114.120671      22.602435     113.777018      23.024922
     114.076824      23.026648     114.029325      22.656680
     113.901963      22.568876     113.843464      22.782740
     113.721079      22.789471     113.816181      22.634905
     113.582516      23.051462     114.117377      22.530915
     114.210582      22.645712     114.041573      22.968364
     114.167767      22.834213     114.286902      22.698103
     114.042458      22.971799     114.150730      22.597171
     113.933569      22.686569     114.213500      22.653004
     114.259857      22.728690     114.265503      22.748268
     113.924892      22.773997     114.029106      22.610113
     113.910977      22.780797     114.038840      22.696298
     113.981367      23.009301     113.617240      22.909267
     113.863111      22.580120     113.921862      22.538281
     114.077645      23.027104     114.030756      22.605932
     113.931016      22.930323     114.272186      22.729159
     114.076274      23.029059     113.913941      22.930379
     114.012623      22.970992     114.276242      22.729259
     113.817363      23.097254     113.770795      23.036551
     113.773848      22.982045     114.029993      22.612341
     113.848041      23.034759     114.125155      22.573474
     114.251440      22.684745     114.032517      22.608925
     114.329938      22.704193     114.028436      22.612682
     113.715189      22.861943     113.876192      22.753586
     114.008739      22.653563     113.724015      22.956407
     113.713155      22.810667     113.820269      23.013064
     113.677189      22.941308     114.205446      22.645868
     114.194691      22.654255     113.630347      23.049220
     113.746881      23.035079     114.051987      22.532638
     113.663985      22.904155     113.580801      23.054282
     113.905702      22.579328     113.909257      22.709967
     114.040445      22.612267     113.665739      22.805821
     113.651489      23.098872     113.905788      22.507452
     113.800167      23.097929     113.978770      23.076773
     114.069117      22.718418     114.117111      22.528719
     113.780177      23.034312     114.146646      22.613235
     113.707305      23.033445     114.115117      22.571642
     113.901331      22.509832     114.340822      22.687466
     114.026101      22.608502     113.694603      22.824307
     113.980630      23.042448     114.354776      22.703853
     113.767232      22.983609     113.840973      23.105212
     113.920694      22.768806     114.117702      22.546349
     114.029385      22.606320     113.835638      23.023457
     114.133776      22.547876     114.022875      22.607348
     114.074058      22.977083     113.898701      22.985130
     113.982041      23.020363     114.098491      22.825988
     113.781153      23.021894     113.917918      23.074667
     114.037517      22.624925     114.165776      22.567596
     114.118047      22.677127     114.317427      22.699377
     113.715797      23.029087     113.540396      23.015090
     114.102917      22.809875     113.902532      22.749253
     113.993729      22.700340     113.994105      22.534208
     113.828891      23.059905     114.023623      23.074728
     114.093334      22.553336     113.913064      22.717318
     113.672491      22.941290     113.861188      22.929887
     113.734013      22.999422     114.251536      22.591249
     113.847773      23.101884     113.861368      23.086207
     113.751351      23.022229     113.967615      22.543358
     113.661393      22.859544     114.313810      22.765857
     113.886401      22.576695     114.059652      22.631137
     114.030286      22.612276     113.611846      22.989461
     114.177979      22.698583     113.741662      23.009544
     113.778218      23.025424     113.939774      22.501577
     114.012248      22.734195     113.783945      23.035960
     114.064877      22.992807     114.042469      22.630794
     114.133270      22.837823     113.862379      22.597601
     114.120036      22.545158     114.064303      22.653857
     114.012491      23.064935     114.143102      22.818159
     113.810829      22.731759     114.131314      22.666842
     114.115651      22.526340     113.918787      22.519968
     113.966248      22.558660     114.077102      22.947072
     113.685993      22.913892     114.086319      22.629184
     113.887330      22.575754     114.118149      22.533787
     113.983112      22.866744     114.337031      22.696203
     113.761369      22.983639     114.035827      22.541235
     114.000789      23.078976     114.083936      22.968596
     114.062043      22.634182     114.082708      22.627752
     114.028888      22.660498     114.035851      22.611678
     113.877453      23.015255     113.848580      22.592714
     114.113983      22.547316     114.144707      22.618880
     113.882724      23.083508     113.773201      22.767648
     114.085016      23.054227     113.780632      22.709807
     114.066014      22.640125     114.120000      22.543782
     113.791841      23.023791     113.813233      22.633243
     113.919394      22.639338     113.830877      23.054985
     113.953348      22.898809     113.966962      22.945762
     114.112187      22.902430     113.901494      22.555967
     113.957052      22.931724     113.940889      22.949228
     113.989834      22.888976     113.837672      23.107839
     113.953691      22.943397     114.034699      22.606252
     114.285235      22.731093     113.940328      23.027682
     113.860612      23.087816     113.933170      22.680027
     113.821816      22.673488     113.736498      23.009961
     113.884394      22.592166     114.032872      22.608268
     114.210364      22.647050     114.029137      22.609643
     114.222882      22.641173     114.134225      22.548094
     113.791824      23.055364     113.880925      23.094515
     113.938381      22.623391     113.936000      22.942391
     113.945742      23.079322     113.749232      23.037026
     114.052188      22.520685     113.817039      22.635006
     114.053845      22.541049     113.728473      22.828095
